0 0.132812 0.695312 0.121094 0.707031 0.121094 0.722656 0.132812 0.734375 0.148438 0.734375 0.160156 0.722656 0.160156 0.707031 0.148438 0.695312 0.132812 0.695312
0 0.421875 0.640625 0.410156 0.652344 0.410156 0.667969 0.421875 0.679688 0.437500 0.679688 0.449219 0.667969 0.449219 0.652344 0.437500 0.640625 0.421875 0.640625
0 0.179688 0.531250 0.167969 0.542969 0.167969 0.558594 0.179688 0.570312 0.195312 0.570312 0.207031 0.558594 0.207031 0.542969 0.195312 0.531250 0.179688 0.531250
0 0.484375 0.488281 0.472656 0.500000 0.472656 0.515625 0.484375 0.527344 0.500000 0.527344 0.511719 0.515625 0.511719 0.500000 0.500000 0.488281 0.484375 0.488281
0 0.433594 0.453125 0.421875 0.464844 0.421875 0.480469 0.433594 0.492188 0.449219 0.492188 0.460938 0.480469 0.460938 0.464844 0.449219 0.453125 0.433594 0.453125
0 0.730469 0.406250 0.718750 0.417969 0.718750 0.433594 0.730469 0.445312 0.746094 0.445312 0.757812 0.433594 0.757812 0.417969 0.746094 0.406250 0.730469 0.406250
0 0.378906 0.308594 0.367188 0.320312 0.367188 0.335938 0.378906 0.347656 0.394531 0.347656 0.406250 0.335938 0.406250 0.320312 0.394531 0.308594 0.378906 0.308594
0 0.613281 0.296875 0.601562 0.308594 0.601562 0.324219 0.613281 0.335938 0.628906 0.335938 0.640625 0.324219 0.640625 0.308594 0.628906 0.296875 0.613281 0.296875
0 0.539062 0.277344 0.527344 0.289062 0.527344 0.304688 0.539062 0.316406 0.554688 0.316406 0.566406 0.304688 0.566406 0.289062 0.554688 0.277344 0.539062 0.277344
0 0.250000 0.195312 0.238281 0.207031 0.238281 0.222656 0.250000 0.234375 0.265625 0.234375 0.277344 0.222656 0.277344 0.207031 0.265625 0.195312 0.250000 0.195312
0 0.339844 0.187500 0.328125 0.199219 0.328125 0.214844 0.339844 0.226562 0.355469 0.226562 0.367188 0.214844 0.367188 0.199219 0.355469 0.187500 0.339844 0.187500
0 0.339844 0.085938 0.328125 0.097656 0.328125 0.113281 0.339844 0.125000 0.355469 0.125000 0.367188 0.117188 0.378906 0.128906 0.394531 0.128906 0.406250 0.117188 0.406250 0.101562 0.394531 0.089844 0.378906 0.089844 0.367188 0.097656 0.355469 0.085938 0.339844 0.085938
